%%
250.1296711896629859
-5.2455753949252246
-3.2814349802751099
-3.1714384420881641
9.2855029198983328
-8.3522699178462307
-3.6519085690781727
-8.2163741860630157
6.6115817812087352
6.5765903496434284
-12.9164971917594045
-10.0176090691204820
5.9447962704154271
2.0444149261510747
-0.5391632390846697
-13.8703655051584942
7.1834991697764252
-8.6521996719153726
-3.9375255193480441
-0.1725023333572535
-8.1781777506292705
0.2094844839889338
-5.0602806635162576
-1.5627667121914230
10.9447150607754295
4.0516359083840925
-1.1623100926654093
-9.3498525254649181
-8.0741086907908226
10.6971944775613785
5.6589397035876754
1.7785458608365818
1.2829979598416414
-4.7665653135783117
-6.4335948150195321
13.9468133160030554
2.4758296439859779
-3.3756443355644956
8.2684535305900742
-0.7890503429090248
-8.6576653609165977
3.9590532721855469
10.6318084990840838
-9.2591511823878676
11.7539414887100762
1.1019601751483465
-9.5878667836115508
15.3065582718145556
-3.5289159400001808
6.5478796676299060
-7.7521882420708073
-5.0490065421343688
-0.6615146560269567
-1.5275288989118279
-1.3677259902150825
7.6939182631161618
5.6891146239634427
6.2667489218390671
-3.3231110707608975
-6.7782375850651269
7.6028800468149722
0.3836136146710474
3.6276850616235521
10.9068001191605788
6.8379529081148291
8.2707218030305931
11.3650223795169563
0.7076656648916799
0.3821125011678679
-4.5054867278863782
-3.6339165856050646
-4.9987788203061871
-6.7127886018931955
1.9116272415860618
-3.0757372428792129
9.9135329257086173
5.2372133469977946
6.0824282523994349
-9.2806293254595928
-3.2950265746846208
1.1618843395462264
-10.2172881929805808
-2.2804838172142574
3.0282779935853803
-3.1787856971649999
-3.5898298397602306
16.7789340465882226
-5.7510579093334124
-0.9723407703926812
-3.1579293486420736
11.8437360985975513
0.5522697571954667
-6.4158462656805106
-8.0484284088286770
-2.6513276198866036
7.0288934771503264
7.7152592932479731
-2.9651131258948036
-13.9771595578063419
11.8993405021215750
11.2672560959448660
-3.6074914559968727
12.5496316440712370
12.2452939484823524
6.0708343909689386
11.8084406100641139
0.5732007167236848
-13.4081247748326149
5.0898038455975083
1.1056679591126879
5.7707995108552197
-2.9150421229700338
6.8154955528644976
11.9099468802341910
-5.8810193606487307
-4.5001937264079270
11.8865338983610087
-1.7996615971276579
-1.6305927571064820
2.5612690690317268
1.3178023711770144
5.8828781467253934
6.7166308471441276
4.0689284660320437
4.6592402858435955
-6.4196959412374364
2.8089352396221994
1.0918340217854292
-1.3918176370995710
-6.4683652548057697
-2.8649354240161022
-12.5089863369682597
-7.1069417304253912
4.7313061384336557
2.5872262707265898
-1.6031281363662546
-4.8344515867433424
0.0258844835721903
6.3129657935171748
-12.6785735680072236
17.2788210775134807
7.5188057049526025
0.2351879894171920
-0.9766403790237281
-3.7450681216089765
-3.4029993492501713
-0.0066432904209890
9.4444228026842492
6.4856112837631610
-1.3105881267940358
6.8254587078016264
2.3727164548778563
8.4881307138843827
-5.0772258660189156
4.2193029158040138
7.8232450561416513
-4.2495483183922307
-3.5559039147195159
-1.5393083934701828
-5.1542638533180014
1.3746706253537924
0.8763956520923015
7.4220404732286784
-8.4970716348442146
-4.2408043493699488
2.9883417581427292
1.7287873772819857
8.1901811203683739
0.7773515158879032
-5.5974212935322143
7.8978631070269287
4.2559721219948798
-1.5462096681009201
10.8772987332628190
1.4191582748676859
1.8279382016151917
3.5905282371385203
-2.8984761497748712
-11.4014841473245045
1.5608102261059045
-9.2323404306689696
6.0163951225737193
12.7237762598256143
5.0318100970558071
-8.9818794030374995
-9.4235864608531923
-1.6281020333690674
0.6824888193984577
-6.1440985231248275
-14.3819240609081831
3.6193120585767087
10.2031386587078039
-3.6574404344436999
6.4093487430525800
5.8574493518563564
-3.5687116393421108
16.4629652645047280
11.0206480346330764
-15.2318210693557212
-13.9078093717638716
-8.8473448392043750
-3.2424061031086584
6.7163301995844789
-0.7320807104391243
3.5757458322002229
-2.1435021342954115
2.0686189982432852
-11.5855044998300372
0.4443025011264803
5.9269653594993876
-13.7978947326510344
6.3189883070741359
-4.6398433787212809
4.3325244455368708
3.4815327342192104
3.6683930231105615
-1.8549323951378782
9.5987103636009898
-7.2448887523002305
3.4385034626747166
4.0113170365153081
1.9820676960675874
-5.0977581089315169
-1.8494531695543666
7.5622695646118343
5.7105577198938011
9.7983340937814791
-7.2811303013355220
-0.2923207888904580
-3.9484147785186785
7.0008946506944429
3.5468843328761017
-2.1973491414519355
-9.5212877302558461
-3.4379872485031622
-14.8211294958797293
-6.2703191223486670
-4.2129721529995727
-5.8322202388699340
0.6839820495141575
-2.5407682224617023
-9.9505624938677464
9.0180806412096004
-0.7326102660583835
8.2174322002642093
-2.7750824119626119
1.9669496690678223
-16.2942061021974887
4.5479323006652059
-3.3753884382758925
0.9633332505041654
-0.5841106780520264
-9.1396926263998886
-9.2542478516497084
9.2355289703137977
-3.4787753843194373
-10.2217601587914260
10.1884398149946342
5.8795578732986282
2.5535907128339281
-5.9795859686344226
-9.6244945895662237
-3.1639285466466021
-9.7368882504207743
1.8644662356391555
-5.9064950115558865
5.4368805015091395
-1.5975150696913447
4.1113887170293388
-7.5868261147851586
2.7405760458133344
6.9562704147886283
3.5447619146667813
14.3865424388003120
5.8702484778309749
-4.9380078062964001
-5.1637640950218326
0.7770918946793264
7.8872224168619258
-4.1678393104560501
3.5971974183956918
-2.7087482986601001
-10.1033849808337006
3.6515044676331252
6.1549263214845498
-2.0765052536192092
9.2966181372323486
-3.6930431965027548
2.6581927507437557
-6.9182463999400809
-5.1846132776223950
-4.0782549810771771
-8.8881709097005199
0.8806548787276476
6.5304360892948079
1.9122516059099364
-5.5981438147161997
4.3628889682900320
-6.5910163536331643
3.0187347857405205
-4.4050207436063964
-8.5986024482375392
2.7741713427082266
9.0120514800842102
-1.1575366002581817
3.6860317112737357
-2.4749735459688891
8.5181591534219390
2.1002423689870797
2.6479284966356778
-9.9914731474639176
-2.4997971845308471
-2.9925518033276455
-4.1352490876259260
-7.4199813987645458
-7.0630229022272504
-1.4770342756865613
-4.6535789530119445
3.5639986481111903
2.6802979836173586
15.3570188813468889
-8.0847442499406732
-2.4255404301697876
-6.0989396277756018
-5.0664849760492086
-2.7380629119443634
-5.8071143260263351
2.7928296785690518
-4.3435680351030888
-4.0123472357544268
1.0515532284905413
-15.2728322282494116
-3.8695429757429523
-2.1098389175269698
-0.5819189935341891
3.6471450556536746
7.3349576539699726
7.0144382886554606
14.5333717475260649
-1.9798831099804097
-4.8857588793052082
-5.4966673432281592
5.1191738861899081
9.2164652497173076
-9.7357049008910010
-5.7626403365294800
5.8834592011858664
4.1056968152826467
13.6735107721430715
-6.7427672390374163
-7.9833586875443858
-3.9419476952129422
0.7379345595837239
-11.0674613152294548
-0.4649919523350832
6.9355846967571475
8.6080264571667904
2.4117703931356838
-12.0900723288251335
6.5914075940507120
5.8336403697641899
-2.2862390590070545
3.2386281997358681
2.4868883721309700
2.1727725365853261
-6.2664116515695039
12.6366837647551975
8.4609158170196626
6.3175564886416531
-9.9559644824111011
-4.0409894466696112
1.3225400930911317
-8.3434777799255642
6.1511999838081053
-3.3161457197151827
6.6857511104444320
-5.3302639725059340
0.4805585141914026
-2.0642198910430345
-11.6697866922430791
-7.8289629091818478
-2.6456990442354593
-2.2218788094237221
-0.7049348495781809
-3.6815584357207243
4.1561047942956151
0.4842728142577404
2.9468014626893710
8.8690513827010236
4.9478429995228819
-2.6210755809254564
-2.9308131714893162
5.6017780089605873
7.5669444399844910
-3.4675030261330582
-5.7798127290607395
0.4576056944152462
-5.7703792000525711
5.1475590582107795
4.4466791239265859
0.3142245214735886
9.8977955125546426
-15.5397237162529329
-8.6093446580388520
-5.9011129349604747
9.9166149675166135
-8.1869318067256067
7.8186092832470937
4.1432545152067775
3.8274162809716188
2.0038433055796654
3.8134098897273940
-6.6710202388532771
-5.4956920289783620
-1.5034679342587509
-6.6477078857677920
2.5437138459159385
5.4851796366325489
3.1988121825124156
-7.6717469372335403
-13.4000674563111737
-4.2927249693170779
6.7725173463714690
4.0336369485655226
3.5769793054097692
-1.6457359456939469
7.2945990208116296
-2.3643065893180770
5.6964177182147537
-1.0375837149808405
-6.6492670752010508
0.9051351881537872
0.9770764712787656
6.0620526914119308
0.8485860043765321
1.7833953323704861
6.1523189809043792
-1.6440454050554210
-1.1464039627000027
3.7518165315738763
1.5337836858622391
9.1311566168164386
5.1432754371636946
7.3979084120145799
3.0650819283658981
0.4000142740879511
6.9827398950033199
-3.9873752048685733
13.9487712072335341
11.0225889635361121
5.6912419542660011
3.4945473318703359
-5.8511779640315531
8.5865224778744746
6.0116539153031878
3.6120730645576877
10.4457263650973928
2.0561221354047117
10.0649774383720576
-10.3626344857019390
6.4480725517336239
-2.4531038639612999
-4.6667698763322631
-9.3118107471260423
3.9877556073711293
6.0176049149680679
-10.6640328896027548
-5.7969945552977507
1.7823592371954677
-0.9417291261201799
4.8886559028382726
-2.5559540434222514
9.1935967884820471
8.9261436855372338
-1.4342902878097648
-1.0079036729508144
-3.0008533932630135
9.2322022360799956
-4.0677536619690553
-4.2769324427890600
13.8717420441774273
2.0572653901965565
4.0305636192673351
5.1905860074455168
11.3556747802231541
-1.8934583311211819
-2.5209872531978150
-2.1626431630615843
8.3616619444843749
5.9012844984887138
8.3145194963320073
-2.2851749774020025
-2.6956395397170727
9.0682381539991042
-7.2574800743155565
-1.6767267348009556
3.9758129672272435
1.7207804696684201
-2.0749515656563866
-8.5459321155337111
1.6706392334406939
-8.7192160389587983
-2.8357669623115820
9.0851419518760999
10.6312118918883236
1.5708858221794935
4.6777460399166895
-3.0429930442020434
-0.1082320705019590
10.8172915955822084
-2.7215799344065426
3.5684028168451620
%%
251.6935471333077601
-2.8899000182401506
-8.5057190892917305
-0.9790892991243636
11.9393194491995747
-8.6243448270398417
6.2998208819888948
-0.4554152877407880
9.3666665206300905
2.0905534140874620
0.8767229535853245
-0.6839118646021203
2.3687742072979843
2.1911852106536687
9.4866205489669877
0.8468137937004270
-13.9438803230460149
1.1310258239814224
-9.2566126361450767
7.0650095901523127
-1.7933745614237271
-1.3417277239932002
8.3642836116708850
3.6876831288499128
3.5668822751533158
0.6096392344840247
4.9472850466416105
2.5505630970412767
6.7606751660979434
-1.5663917730792249
4.4100134552061991
-5.9461681300720279
3.4470342844008792
7.5544700284092610
-3.8061053953986823
-10.6878643039161041
8.3859004551927470
0.5058854985791017
8.2571903779552365
-4.0448218442130113
0.9780994958986711
-0.9712972908461275
-0.7446083702290058
-10.3175531602183703
-3.2793863471565263
2.4502126207855981
13.3392870341402450
9.3425952586072025
-1.3743102159673501
-3.3913991892472182
2.3571507495004966
-6.4307245478889730
-5.4055183127577280
4.0899003923201755
1.0872713826727050
-0.6727144508982033
17.8963926667944371
4.4879774088772511
-5.6150360184216677
2.1100527634195334
16.5581087779198306
3.6360751429981608
8.9009414412565100
-5.5203915288301024
10.8716506407508753
2.4684010159189365
6.7570958321119754
-6.1430621108955004
-11.2705749861048741
-4.8461794968240213
-8.1229706068101226
4.1953918483082635
-2.6380910878272261
-10.1189847698301847
4.5202344898952358
-2.6868800665383192
-0.8159143824085817
-1.5269536478680754
3.4677499439739470
-5.7885833262756501
-1.0501007888624021
-4.9635865718279319
14.4646081080770799
-1.5758919779707257
-10.9808927498824964
-9.7460544181936868
-1.3359423586125025
10.7122047893856838
1.2209097070197457
-8.4890817856316350
17.6191755719956689
6.8791834222404660
-1.0783116695613124
5.0933109987814955
-3.5231002811200507
4.2328139312469704
9.3678102211655698
-7.0724092170463297
0.9617414440872263
3.9889998168193666
1.3508455553174641
-0.7788469665889104
3.6225527213483515
6.0068902582803272
4.3251552821508099
4.7046905898437217
6.6118481769274382
1.1137619943406096
-7.8201581095957025
3.3644348519850413
-4.7696094724545723
1.5360088831058665
-4.1754554515215068
-0.2378122794670801
1.6758334761381399
-4.6021944269387829
-0.8255710450205564
-5.7050260907955597
2.4898515854008831
-9.9163611209343223
4.2675150827598758
1.1012705665494023
-9.2642789893371180
-1.7803684304440726
11.2306253722560445
-6.3298215520759227
-2.2501881684004763
-0.3227739644696181
-4.2198071391495873
-9.2540965884348854
4.8425280845682526
-1.9468057412160036
2.3882766263806641
10.3550227021781627
-9.1496643013798344
-5.4038996511728534
4.5126830668160265
-12.6583342909116148
3.2731316170371874
-1.1169321825209897
1.2541669387307506
-14.7089588859561680
-0.2370135986244859
-3.2898716147668710
-5.4306572934086477
2.9690494501637841
3.1909269097714614
5.2202268839459975
3.9081923767557671
0.4017157469064241
-5.9439424007702408
3.3779443275318863
-3.8059114631568240
-3.9257476477250188
-4.7843717318891805
4.3619703770132761
1.1657172041722879
4.4516691019718078
-7.1389063327678635
0.6988671566641389
0.5103077749539189
-7.8674949404996255
0.5088885994241910
3.7621500414822733
1.8999241211155287
-7.5188356304634292
8.5166196935119736
-0.7102020973553351
-14.1959041369549084
-5.6502408908823387
3.4451317697234578
-2.6735944756136258
4.1186811895815421
1.2678507069383356
8.3072286686745471
-8.3263326857334441
-0.4239060271126665
8.6597045996398556
-1.3701854536417828
-0.3847419700825450
-1.0279819139102706
-10.9664790052072192
-6.2151519331941980
5.0894202446253107
8.4251080249883437
-2.4707823950029311
-4.8291857155120281
-1.5306993112455149
8.5265117569493860
-3.8199885137522527
2.6639926107848617
10.9092146415201707
8.8977013460290557
3.0734602022968143
-0.4927717649994388
3.6109958916168656
-1.9156321262838736
-8.7624153872071791
-5.2582897527513088
4.0533512676345644
7.4114235938931579
-9.0318073604843612
-2.1556248208373447
5.7436265076219701
-3.8452318931781653
1.5161974974538439
-3.4280136285403051
0.1073975305496531
-10.1447155195222560
4.3391964937558942
12.8623698671610072
2.1622774920668526
-2.4304039606580261
11.9227819727533024
2.6982932498542134
0.3574323262078880
-8.6551108571494986
-2.8520210274334703
10.7044113855641410
1.3247888813420441
1.3242232351196024
0.8430960467803690
1.4010195522627218
-13.3864542034673235
-1.8492357892625375
-2.6316308499978183
5.7463767247813209
-5.8760394637359674
-1.2328889996854291
-2.2672906943038846
-0.8816377355910205
11.6452335437889527
1.7969878535857511
5.2309651883172759
2.5505224108484277
-10.4694933955696712
-2.2918522934335117
0.6281908837291490
-3.4281614857750693
6.3337739974225311
0.0453298215129198
-3.5004488852280353
-2.2313740546084517
0.2992612968470594
-6.3751253891012878
0.5250105948590760
-10.7666787034223539
11.3845926606181855
5.1078875341275456
2.0281477183587953
12.2829996065423011
-6.0181542215208719
-5.7836612918674337
10.5075904700806664
-1.7014831891182007
-10.3137006381444571
-2.9050248525422546
-1.1342952182366846
-4.5891956681743844
-7.6650283835541595
-7.3354638864219783
4.1638474209121625
-2.1666828295355671
-1.8523011014081741
-4.3023049391031210
8.4241345801261538
3.4022210583073891
3.0113500750854238
14.1684578131446699
-5.1581966351493245
-12.5972882072977317
2.7409726499178619
-2.1796736050077232
-4.4207858569101237
-1.4920933305925277
-2.2116046236234870
-14.4503277915932298
9.5082997897855623
7.1021172806401385
-0.9948895275172820
3.8856056269652806
-4.7476060696229467
-1.1909302348688158
0.3991836773862010
12.5669732638193530
5.7960436281666556
-15.7483418258205798
8.6841325130595131
0.0324441500864021
5.4859499057358665
-6.0825742765828421
-0.3530861172082913
-5.7577678349693571
-12.5366273544066154
0.8602210173030853
2.1366282048092855
-1.6341892896106647
-4.8726959683468110
-0.9708838089317411
1.0283778677748856
-1.5041351431617935
6.1509602824209555
-3.0964316380189025
24.1981980796500125
-1.8428675074289136
3.1000494076352365
-0.8269307620889631
11.1040780859352619
-13.8269689257178996
-3.8060921908381213
0.3017494565943539
-5.6222476349461985
-5.1784598814347751
-5.3150539850725433
-0.6221186352235115
5.6834469528477740
1.0129860087339990
4.2055741137059979
7.7771018627949431
12.0402907100936289
-6.8269896625061328
8.8664120354486755
-3.6063733190397684
6.1253784095737887
6.7313462157718948
10.7646508573385464
10.3593791281398193
-4.9602435267633478
-6.0010260206039785
-6.3714427598001313
4.2723052103162136
-2.1018514684281646
2.8706337726024911
4.3187803770685962
-9.5506067126955703
-4.7903674885511380
-6.2822229126427729
-0.0832152940428208
9.6613368726168751
-5.7341499332929420
15.6305248421463503
4.7479156105302867
-0.1749772384328009
-2.4564140332214039
-7.1067792898026836
-0.5189774205053226
11.2060158716866844
-5.7199104572343487
-0.4699288071464337
3.1814455502963437
11.1345202953020532
-12.2358453333320760
-2.2512324000039978
-0.4489505123093669
3.7189653591703538
6.3702367068157519
-8.1431387086772595
3.0423369127034872
-1.1656665357954881
-6.1500726756666584
0.1316562446786187
3.9808790803186476
2.3338650001041188
3.7155688353208176
4.9395939110960949
3.7564269421136607
-1.7099996446504675
-2.1442013681665282
-11.7905233870388209
3.2010417785007941
2.3715349905255754
-0.9824068710546661
1.0004331795450494
2.7933094303455266
0.0659874157230986
-0.1550387171903411
-3.5943203349167678
1.0909252357312733
-2.5647055018969374
5.8703875696654011
-1.2368659195148570
1.9254031179760434
-1.9753045910417324
3.7671523140428405
-1.6261008976179525
-14.9091225340730045
10.0325028604170452
0.0757225631790850
2.1860270205549197
-0.1911984408578835
-6.7751706797149751
-2.8583657518483889
14.6392162403521766
-3.6190899389602933
-6.1749999232539352
-15.5791547184333439
1.8348178902293961
-8.9852207091092424
-0.3290433616670831
-5.5950047626221773
0.6238087532015282
-2.0549376354889541
5.5169177573821457
-5.1556195278784873
-5.6934312529408082
-9.4000300657652911
4.5587717048155083
-6.1976853566847980
-6.1663492756721388
2.5203374194342416
-10.7165107380035138
-0.7734787211603793
3.8719338749336583
10.7763296869830754
9.0417364425319775
0.7958587399297010
-18.0203831726954498
-0.9977245825679115
-13.0493301214298629
3.2374695317370299
10.2498087938397333
-1.2078634907816541
5.7834929817627296
10.8397348903410453
-7.5523229256696416
9.9052623874410806
2.6495855904568102
0.3983944785413676
8.5486871631692374
-10.3127290965256826
-3.1955613560324276
-8.2403042585050130
-9.6275167834246194
-10.9992258502950726
-2.5339682042082172
-2.1737681093470780
8.9708399297054537
9.5025584614146865
-2.3244041530863218
10.2300909609365576
4.4344572538638811
-0.6918472606122026
-8.1663756699012939
4.9564095634336081
-6.1847568782820561
-6.0095640199124007
-1.2601485200373737
-5.0289130105921238
3.1383078444726249
-9.9824546684546576
4.5377467900749249
1.3458050111953710
0.0626306581781263
5.4439094681173348
9.8428528826382902
-5.4146310744351762
-2.7304180579791120
1.8289917242252138
4.1308124374211062
15.2785455405082420
3.2634559342781779
-3.3870629427343855
-12.2409721452546982
3.8359385202559775
8.8215898079948314
-0.9052953972237288
3.2505371690635938
7.2152624276845962
-1.9718303839885876
-2.8705627632073201
-1.6125239610455875
-2.3795184319158182
-0.1313454357397985
2.8304650331334065
-10.8285052217121436
6.0987540475843680
0.7357992648121265
19.3025181400488819
4.5071113276994286
10.0871854357706603
3.5870598684492254
-0.4627030874561371
6.8048260291435501
12.5398995622181069
-4.3923828864560370
-9.0472079422873009
-4.6437089659720030
-16.6992456586134885
3.7543736365216693
0.0586926629328546
-1.0753923454597696
-9.8276736717962301
-1.2695461664772349
-4.5437163560191109
12.6764326300234185
2.2145604088426278
-1.8452796152111333
0.3879799997938580
-2.2240308246505167
8.4468304924090809
0.6510704842439763
-3.1511935037217436
1.4782905194262606
13.4319921599400054
-0.6344378233816084
0.0544423580658105
2.0512621641459106
7.8992219096000760
4.5033614173403294
9.3157018506109264
-3.3314069629681189
-8.4005230660849044
